﻿00713 元大台灣高息低波--201502-202502,,,,,,,,,,,,,,,,,,,,,,,,,,,
,,,,,,,,,,,,,,,,,,,,,,,,,,,
年月,開盤價(元),最高價(元),最低價(元),收盤價(元),成交量(百萬股)_月,成交值(百萬元)_月,報酬率％_月,週轉率％_月,流通在外股數(千股),市值(百萬元),最後揭示買價,最後揭示賣價,報酬率-Ln_月,市值比重％,成交值比重％,成交筆數(千筆),本益比-TSE,本益比-TEJ,股價淨值比-TSE,股價淨值比-TEJ,股價營收比-TEJ,股利殖利率-TSE,現金股利率,股價漲跌(元),高低價差%,市場別,該月結束日
2025/02,53.35,55.25,53,54.95,194,"10,522",2.5188,8.2828,"2,337,012","128,419",54.95,55,2.4875,,,157,,,,,,,9.75,1.35,4.1978,TSE,2025/02/27
2025/01,53.1,53.9,52.2,53.6,138,"7,337",0.8468,6.0585,"2,278,512","122,128",53.55,53.6,0.8431,,,158,,,,,,,9.85,0.45,3.1985,TSE,2025/01/22
2024/12,55.35,56.3,53.15,53.15,282,"15,476",-0.7681,12.7418,"2,212,512","117,595",53.15,53.2,-0.7712,,,308,,,,,,,9.93,-1.8,5.7325,TSE,2024/12/31
2024/11,56.25,56.8,54.5,54.95,301,"16,816",-3.2571,14.5728,"2,067,012","113,582",54.95,55,-3.3114,,,348,,,,,,,9.61,-1.85,4.0493,TSE,2024/11/29
2024/10,57.4,57.8,56.45,56.8,205,"11,676",-1.0452,10.7426,"1,907,512","108,347",56.75,56.8,-1.0507,,,230,,,,,,,8.17,-0.6,2.3519,TSE,2024/10/30
2024/09,58.65,58.7,56.6,57.4,297,"17,108",1.1477,16.4558,"1,805,512","103,636",57.35,57.4,1.141,,,261,,,,,,,8.08,-0.85,3.6052,TSE,2024/09/30
2024/08,57.6,58.45,53.1,58.25,242,"13,609",1.8355,15.0434,"1,605,512","93,521",58.25,58.3,1.8191,,,202,,,,,,,7.97,1.05,9.3531,TSE,2024/08/30
2024/07,57.95,59.4,56.45,57.2,287,"16,678",-0.9526,19.177,"1,497,012","85,629",57.15,57.2,-0.957,,,258,,,,,,,6.82,-0.55,5.1082,TSE,2024/07/31
2024/06,57.85,59.7,57.45,57.75,310,"18,131",3.1985,22.6796,"1,369,012","79,060",57.75,57.8,3.1483,,,243,,,,,,,6.75,0.35,3.9199,TSE,2024/06/28
2024/05,56.15,58.25,56,57.4,123,"7,044",2.1357,10.474,"1,172,512","67,302",57.4,57.45,2.1126,,,126,,,,,,,5.51,1.2,4.0036,TSE,2024/05/31
2024/04,54.55,56.4,53.6,56.2,102,"5,571",3.0248,9.169,"1,108,012","62,270",56.2,56.25,2.98,,,103,,,,,,,5.62,1.65,5.1329,TSE,2024/04/30
2024/03,51.5,55.3,51.35,54.55,136,"7,298",7.9646,12.6609,"1,076,012","58,696",54.55,54.6,7.6634,,,123,,,,,,,5.79,3.2,7.6923,TSE,2024/03/29
2024/02,50.05,51.55,49.69,51.35,73,"3,701",2.8234,6.7435,"1,081,012","55,510",51.3,51.35,2.7841,,,68,,,,,,,5.92,1.41,3.7245,TSE,2024/02/29
2024/01,50.45,50.5,48.88,49.94,120,"5,943",-0.9128,11.1966,"1,068,512","53,361",49.94,49.95,-0.917,,,141,,,,,,,6.09,-0.46,3.2143,TSE,2024/01/31
2023/12,49.57,51.55,49.47,50.4,138,"6,919",3.3499,13.8266,"996,012","50,199",50.4,50.45,3.2951,,,132,,,,,,,6.03,0.82,4.1952,TSE,2023/12/29
2023/11,46.34,49.6,46.01,49.58,78,"3,787",7.736,8.0704,"971,012","48,143",49.57,49.58,7.4511,,,81,,,,,,,5.9,3.56,7.801,TSE,2023/11/30
2023/10,47.25,47.68,46,46.02,92,"4,310",-2.2515,10.1379,"908,512","41,810",46.01,46.02,-2.2771,,,111,,,,,,,6.36,-1.06,3.5684,TSE,2023/10/31
2023/09,47.7,48.86,46.53,47.08,136,"6,496",0.4781,16.0299,"849,012","39,971",47.07,47.08,0.4767,,,138,,,,,,,6.21,-0.6,4.8867,TSE,2023/09/28
2023/08,46.99,48.2,45.85,47.68,115,"5,420",1.4902,14.591,"789,512","37,644",47.68,47.69,1.4789,,,116,,,,,,,5.89,0.7,5.0021,TSE,2023/08/31
2023/07,45.43,47.9,44.68,46.98,172,"7,942",3.4805,22.3879,"768,512","36,105",46.98,46.99,3.4211,,,137,,,,,,,5.98,1.58,7.0925,TSE,2023/07/31
2023/06,44.13,46.82,43.96,45.4,240,"10,864",4.3472,30.6693,"781,012","35,458",45.39,45.4,4.2553,,,188,,,,,,,6.19,1.25,6.4779,TSE,2023/06/30
2023/05,40.67,44.4,40.66,44.15,201,"8,472",8.5836,28.3723,"710,012","31,347",44.14,44.15,8.2349,,,133,,,,,,,6.47,3.49,9.1982,TSE,2023/05/31
2023/04,40.19,41,39.95,40.66,140,"5,659",1.3459,23.3135,"599,512","24,376",40.66,40.67,1.337,,,97,,,,,,,7.02,0.54,2.6171,TSE,2023/04/28
2023/03,39.24,40.28,38.67,40.12,305,"12,058",3.9815,47.6166,"640,012","25,677",40.11,40.12,3.9045,,,194,,,,,,,7.12,0.86,4.1009,TSE,2023/03/31
2023/02,38,39.32,37.94,39.26,81,"3,121",3.4519,18.0009,"449,012","17,628",39.26,39.28,3.3937,,,50,,,,,,,7.39,1.31,3.6364,TSE,2023/02/24
2023/01,36.8,38.09,36.57,37.95,45,"1,677",3.0971,10.7255,"418,012","15,864",37.92,37.95,3.0499,,,33,,,,,,,7.64,1.14,4.1293,TSE,2023/01/31
2022/12,39.4,39.62,36.48,36.81,149,"5,678",-2.3914,36.4601,"409,012","15,056",36.81,36.87,-2.4209,,,100,,,,,,,7.88,-2.37,8.0143,TSE,2022/12/30
2022/11,36.19,39.18,36.15,39.18,43,"1,623",8.0825,14.4213,"297,012","11,637",39.18,39.19,7.7725,,,23,,,,,,,3.7,2.93,8.3586,TSE,2022/11/30
2022/10,36.36,37.34,35.41,36.25,43,"1,557",-0.9835,14.8381,"289,512","10,495",36.24,36.25,-0.9882,,,28,,,,,,,4,-0.36,5.2718,TSE,2022/10/31
2022/09,40.16,40.6,36.4,36.61,110,"4,308",-6.5111,38.5436,"286,512","10,489",36.6,36.61,-6.7328,,,79,,,,,,,3.96,-4.03,10.3346,TSE,2022/09/30
2022/08,40.61,41.34,39.92,40.64,21,858,0.0986,9.1725,"229,512","9,327",40.64,40.65,0.0985,,,19,,,,,,,7.75,0.04,3.4975,TSE,2022/08/31
2022/07,40.05,40.7,37.86,40.6,10,397,1.2722,4.675,"216,512","8,790",40.6,40.62,1.2641,,,12,,,,,,,7.76,0.51,7.0841,TSE,2022/07/29
2022/06,43.12,43.12,39.95,40.09,6,260,-7.2849,2.9637,"210,512","8,439",40.09,40.1,-7.5637,,,10,,,,,,,7.86,-3.15,7.3312,TSE,2022/06/30
2022/05,43.76,44,41.33,43.24,10,425,-1.6378,4.6463,"215,012","9,297",43.24,43.25,-1.6515,,,14,,,,,,,7.28,-0.72,6.0737,TSE,2022/05/31
2022/04,44.8,45.32,43.44,43.96,15,671,-2.1588,7.378,"204,012","8,968",43.96,43.97,-2.1827,,,17,,,,,,,7.17,-0.97,4.1843,TSE,2022/04/29
2022/03,43.35,45.07,42.3,44.93,28,"1,235",3.9325,12.9135,"218,012","9,795",44.93,44.94,3.8571,,,16,,,,,,,7.01,1.7,6.4076,TSE,2022/03/31
2022/02,42.99,44.06,42.95,43.23,20,879,0.7692,8.8558,"227,512","9,835",43.23,43.24,0.7664,,,14,,,,,,,7.29,0.33,2.5874,TSE,2022/02/25
2022/01,42.86,43.69,42.56,42.9,29,"1,253",0.304,12.7866,"227,512","9,760",42.88,42.91,0.3034,,,15,,,,,,,7.34,0.13,2.642,TSE,2022/01/26
2021/12,41.55,42.9,41.5,42.77,32,"1,366",2.8864,14.4122,"224,012","9,581",42.77,42.78,2.8458,,,18,,,,,,,7.37,1.2,3.3678,TSE,2021/12/30
2021/11,44.22,46.35,41.22,41.57,167,"7,417",1.0093,73.1878,"227,512","9,458",41.56,41.57,1.0044,,,79,,,,,,,7.58,-2.61,11.6116,TSE,2021/11/30
2021/10,43.74,44.33,42.6,44.18,2,76,1.0059,2.1021,"82,012","3,623",44.18,44.2,1.0009,,,2,,,,,,,3.85,0.44,3.9552,TSE,2021/10/29
2021/09,44.28,44.7,43.32,43.74,1,62,-1.0632,1.7513,"80,512","3,522",43.68,43.71,-1.0688,,,2,,,,,,,3.89,-0.47,3.1215,TSE,2021/09/30
2021/08,43.8,45,42.37,44.21,1,64,0.9361,1.8184,"80,512","3,559",44.26,44.3,0.9316,,,2,,,,,,,3.85,0.41,6.0046,TSE,2021/08/31
2021/07,42.75,43.98,42.47,43.8,1,52,2.3844,1.4929,"80,512","3,526",43.77,43.8,2.3563,,,2,,,,,,,3.88,1.02,3.5297,TSE,2021/07/30
2021/06,42.57,43.58,42.1,42.78,2,71,0.8724,2.0556,"80,512","3,444",42.71,42.79,0.8689,,,2,,,,,,,3.97,0.37,3.4897,TSE,2021/06/30
2021/05,43.7,44.05,38.56,42.41,4,167,-3.0405,4.7378,"84,512","3,584",42.41,42.43,-3.0877,,,3,,,,,,,4.01,-1.33,12.5514,TSE,2021/05/31
2021/04,40.25,44.5,40.1,43.74,4,179,8.9415,4.8987,"86,512","3,784",43.72,43.76,8.5641,,,3,,,,,,,3.89,3.59,10.9589,TSE,2021/04/29
2021/03,36.21,40.23,35.88,40.15,2,77,11.6519,2.3581,"86,512","3,473",40.15,40.18,11.0215,,,2,,,,,,,4.23,4.19,12.0968,TSE,2021/03/31
2021/02,34.26,36.45,34.2,35.96,2,60,4.962,2.0542,"82,512","2,967",35.96,35.99,4.8429,,,1,,,,,,,4.73,1.7,6.5674,TSE,2021/02/26
2021/01,35.05,35.58,34.26,34.26,4,141,-2.254,4.8878,"82,512","2,827",34.26,34.27,-2.2798,,,3,,,,,,,4.96,-0.79,3.766,TSE,2021/01/29
2020/12,33.92,35.1,33.8,35.05,3,92,3.3314,2.9698,"90,512","3,172",35.05,35.06,3.2771,,,2,,,,,,,4.85,1.13,3.8325,TSE,2020/12/31
2020/11,34.35,35.48,33.64,33.92,5,164,3.7897,4.4493,"106,512","3,613",33.9,33.94,3.7199,,,3,,,,,,,5.01,-0.41,5.3597,TSE,2020/11/30
2020/10,32.7,34.43,32.7,34.33,2,60,5.017,1.6715,"106,012","3,639",34.33,34.39,4.8952,,,1,,,,,,,4.66,1.64,5.2921,TSE,2020/10/30
2020/09,33.4,33.8,32,32.69,1,46,-2.5635,1.3107,"106,512","3,482",32.69,32.7,-2.5967,,,1,,,,,,,4.89,-0.86,5.3651,TSE,2020/09/30
2020/08,32.22,33.7,32.1,33.55,2,72,4.1279,2.0448,"106,512","3,573",33.55,33.58,4.0449,,,1,,,,,,,4.77,1.33,4.9659,TSE,2020/08/31
2020/07,31.5,33,31.34,32.22,4,132,2.6439,3.7986,"107,512","3,464",32.22,32.25,2.6099,,,2,,,,,,,4.97,0.83,5.2883,TSE,2020/07/31
2020/06,30.8,32.05,30,31.39,2,59,1.8494,1.6386,"113,512","3,563",31.37,31.41,1.8326,,,1,,,,,,,5.1,0.57,6.6515,TSE,2020/06/30
2020/05,29.99,31.5,29.75,30.82,1,37,0.8835,1.0563,"113,512","3,498",30.85,30.86,0.8801,,,1,,,,,,,5.19,0.27,5.7283,TSE,2020/05/29
2020/04,27.4,30.56,27.38,30.55,2,59,11.4964,1.7936,"113,512","3,468",30.45,30.51,10.8821,,,1,,,,,,,5.24,3.15,11.6058,TSE,2020/04/30
2020/03,31.11,31.65,24,27.4,4,123,-12.2078,4.0847,"108,012","2,960",27.38,27.4,-13.0194,,,3,,,,,,,5.84,-3.81,24.5114,TSE,2020/03/31
2020/02,31.34,32.19,31,31.21,3,91,-0.7634,2.6773,"107,012","3,340",31.2,31.21,-0.7659,,,2,,,,,,,5.13,-0.24,3.7838,TSE,2020/02/27
2020/01,32.23,32.54,31.2,31.45,2,68,-2.42,2.0263,"105,512","3,318",31.44,31.45,-2.4498,,,1,,,,,,,5.09,-0.78,4.1576,TSE,2020/01/31
2019/12,31.88,32.42,31.65,32.23,2,54,1.0978,1.6084,"104,512","3,368",32.21,32.23,1.0919,,,1,,,,,,,4.96,0.35,2.4153,TSE,2019/12/31
2019/11,33.1,33.9,31.87,31.88,6,210,0.9121,5.9739,"106,012","3,380",31.87,31.88,0.9076,,,4,,,,,,,5.02,-1.29,6.12,TSE,2019/11/29
2019/10,32.36,33.46,32.12,33.17,2,72,2.5031,2.0596,"107,012","3,550",33.12,33.17,2.4723,,,2,,,,,,,4.67,0.81,4.1409,TSE,2019/10/31
2019/09,32.08,33.3,32.04,32.36,1,20,1.0935,0.5451,"109,512","3,544",32.3,32.33,1.0875,,,0,,,,,,,4.79,0.35,3.9363,TSE,2019/09/27
2019/08,32.25,32.25,30.77,32.01,0,15,-1.051,0.4447,"109,512","3,505",32.01,32.03,-1.0565,,,0,,,,,,,4.84,-0.34,4.575,TSE,2019/08/30
2019/07,31.65,32.58,31.64,32.35,1,17,2.6985,0.5467,"99,512","3,219",32.33,32.39,2.6628,,,0,,,,,,,4.79,0.85,2.9841,TSE,2019/07/31
2019/06,30.15,31.57,30,31.5,0,12,4.3047,0.3859,"99,512","3,135",31.44,31.5,4.2148,,,0,,,,,,,4.92,1.3,5.1987,TSE,2019/06/28
2019/05,31.3,31.78,29.84,30.2,1,22,-4.1268,0.7145,"99,512","3,005",30.3,30.37,-4.2145,,,0,,,,,,,5.13,-1.3,6.1587,TSE,2019/05/31
2019/04,30.8,31.5,30.8,31.5,1,29,2.7063,0.9336,"99,512","3,135",31.5,31.52,2.6701,,,0,,,,,,,4.92,0.83,2.2824,TSE,2019/04/30
2019/03,29.78,30.68,29.34,30.67,1,18,2.9884,0.5827,"104,512","3,205",30.65,30.7,2.945,,,0,,,,,,,5.05,0.89,4.4997,TSE,2019/03/29
2019/02,29.19,29.89,28.9,29.78,1,15,3.0449,0.4889,"104,512","3,112",29.78,29.84,2.9997,,,0,,,,,,,5.2,0.88,3.4256,TSE,2019/02/27
2019/01,27.65,28.95,26.95,28.9,1,14,4.5207,0.4909,"104,512","3,020",28.8,28.88,4.4216,,,0,,,,,,,5.36,1.25,7.2333,TSE,2019/01/30
2018/12,28.68,29,27.26,27.65,1,20,-2.2969,0.7158,"101,012","2,793",27.61,27.7,-2.3237,,,0,,,,,,,5.61,-0.65,6.1484,TSE,2018/12/28
2018/11,29,30.2,27.68,28.3,2,55,3.931,1.8691,"101,012","2,859",28.3,28.35,3.8557,,,1,,,,,,,5.48,-0.43,8.7713,TSE,2018/11/30
2018/10,32.11,32.11,28.13,28.73,1,35,-10.4983,1.2029,"99,512","2,859",28.9,28.93,-11.0914,,,0,,,,,,,,-3.37,12.3988,TSE,2018/10/31
2018/09,31.4,32.52,31.29,32.1,0,11,-0.9871,0.3497,"99,512","3,194",31.96,32.09,-0.9919,,,0,,,,,,,,-0.32,3.794,TSE,2018/09/28
2018/08,31.96,32.44,31.23,32.42,0,15,1.5664,0.4906,"96,012","3,113",32.42,32.43,1.5544,,,0,,,,,,,,0.5,3.7907,TSE,2018/08/31
2018/07,30.75,31.92,30.32,31.92,1,28,4.314,0.9159,"96,512","3,081",31.92,31.95,4.2236,,,0,,,,,,,,1.32,5.2288,TSE,2018/07/31
2018/06,30.9,31.52,30.35,30.6,1,41,-0.6815,1.3691,"97,512","2,984",30.68,30.8,-0.6839,,,0,,,,,,,,-0.21,3.7975,TSE,2018/06/29
2018/05,30.39,31.23,30.19,30.81,1,38,1.616,1.2498,"98,012","3,020",30.77,30.85,1.603,,,0,,,,,,,,0.49,3.4301,TSE,2018/05/31
2018/04,30.85,31.08,29.97,30.32,0,15,-1.3983,0.4887,"98,012","2,972",30.35,30.36,-1.4082,,,0,,,,,,,,-0.43,3.6098,TSE,2018/04/30
2018/03,30.62,30.92,29.23,30.75,39,"1,198",0.4244,39.9492,"98,012","3,014",30.74,30.8,0.4236,,,19,,,,,,,,0.13,5.5193,TSE,2018/03/31
2018/02,31,31.5,29.36,30.62,13,385,-1.13,6.4863,"195,012","5,971",30.61,30.71,-1.1366,,,7,,,,,,,,-0.35,6.9099,TSE,2018/02/27
2018/01,30.21,31.4,30.16,30.97,2,76,2.6856,1.2279,"200,512","6,210",30.88,31.5,2.6501,,,1,,,,,,,,0.81,4.1114,TSE,2018/01/31
2017/12,30.41,30.53,29.75,30.16,8,231,-0.6587,3.8297,"200,512","6,047",30.17,30.3,-0.661,,,1,0,,,,,,,-0.2,2.5692,TSE,2017/12/29
2017/11,30.78,31.05,30.33,30.36,2,75,-1.268,1.472,"166,512","5,055",30.35,30.37,-1.2764,,,1,0,,,,,,,-0.39,2.3415,TSE,2017/11/30
2017/10,29.94,31.18,29.93,30.75,15,461,2.7741,12.7425,"117,512","3,613",30.7,30.76,2.7362,,,7,0,,,,,,,0.83,4.1778,TSE,2017/10/31
2017/09,29.7,29.95,29.6,29.92,2,61,-0.2666,2.6512,"77,512","2,319",29.92,29.93,-0.267,,,1,0,,,,,,,,,TSE,2017/09/30