﻿00733 富邦臺灣中小--201502-202502,,,,,,,,,,,,,,,,,,,,,,,,,,,
,,,,,,,,,,,,,,,,,,,,,,,,,,,
年月,開盤價(元),最高價(元),最低價(元),收盤價(元),成交量(百萬股)_月,成交值(百萬元)_月,報酬率％_月,週轉率％_月,流通在外股數(千股),市值(百萬元),最後揭示買價,最後揭示賣價,報酬率-Ln_月,市值比重％,成交值比重％,成交筆數(千筆),本益比-TSE,本益比-TEJ,股價淨值比-TSE,股價淨值比-TEJ,股價營收比-TEJ,股利殖利率-TSE,現金股利率,股價漲跌(元),高低價差%,市場別,該月結束日
2025/02,48.64,52.75,47.77,50.7,39,"1,964",0.5952,24.561,"157,966","8,009",50.7,50.85,0.5934,,,49,,,,,,,8.87,0.3,9.881,TSE,2025/02/27
2025/01,52.6,53.05,49.48,50.4,22,"1,141",-4.4552,15.1307,"148,466","7,483",50.4,50.45,-4.5573,,,43,,,,,,,8.92,-2.35,6.7678,TSE,2025/01/22
2024/12,54,55.3,51.8,52.75,21,"1,099",-0.9392,14.5401,"141,966","7,489",52.75,52.8,-0.9434,,,44,,,,,,,8.53,-0.5,6.5728,TSE,2024/12/31
2024/11,52.65,55.8,52,53.25,21,"1,133",-0.3743,14.8721,"141,466","7,533",53.25,53.45,-0.375,,,33,,,,,,,8.45,-0.2,7.1094,TSE,2024/11/29
2024/10,55.2,56.35,52.7,53.45,26,"1,419",-0.6688,18.6744,"138,966","7,428",53.45,53.5,-0.6711,,,49,,,,,,,8.41,-1.65,6.6243,TSE,2024/10/30
2024/09,57,57,51.65,55.1,28,"1,502",-2.3912,20.3161,"135,966","7,492",55.05,55.1,-2.4207,,,35,,,,,,,11.53,-1.35,9.4774,TSE,2024/09/30
2024/08,56.45,57.05,45.69,56.45,44,"2,275",2.3572,32.5612,"133,966","7,562",56.45,56.5,2.3298,,,50,,,,,,,11.25,1.3,20.5984,TSE,2024/08/30
2024/07,60,61.4,54.2,55.15,50,"2,939",-8.0834,38.635,"128,966","7,112",55.1,55.15,-8.4288,,,52,,,,,,,11.52,-4.85,12,TSE,2024/07/31
2024/06,58.9,61.05,58.5,60,39,"2,338",2.5642,27.8936,"140,466","8,428",59.95,60,2.5317,,,39,,,,,,,10.59,1.5,4.359,TSE,2024/06/28
2024/05,58.25,59.4,57,58.5,55,"3,226",0.4292,38.2517,"144,966","8,481",58.45,58.5,0.4282,,,82,,,,,,,10.86,0.25,4.1202,TSE,2024/05/31
2024/04,64.2,66.7,55.4,58.25,136,"8,493",-1.1259,100.7928,"134,466","7,833",58.25,58.3,-1.1322,,,100,,,,,,,10.91,-5.8,17.6425,TSE,2024/04/30
2024/03,61.65,65.7,61.65,64.05,52,"3,320",4.1462,86.7808,"59,966","3,841",64,64.05,4.0626,,,38,,,,,,,2.73,2.55,6.5854,TSE,2024/03/29
2024/02,57.85,62.3,57.8,61.5,29,"1,763",6.4016,47.3302,"61,466","3,780",61.45,61.6,6.205,,,23,,,,,,,2.84,3.7,7.7855,TSE,2024/02/29
2024/01,57.95,58.7,56.3,57.8,51,"2,921",0.4345,90.1056,"56,466","3,264",57.8,57.85,0.4333,,,35,,,,,,,3.03,0.25,4.1703,TSE,2024/01/31
2023/12,55.7,58.8,55.25,57.55,21,"1,211",3.0437,56.7768,"37,466","2,156",57.5,57.55,2.9984,,,15,,,,,,,3.04,1.7,6.3563,TSE,2023/12/29
2023/11,49.82,56.45,49.14,55.85,14,759,13.3781,40.3288,"35,466","1,981",55.85,55.9,12.5555,,,13,,,,,,,3.13,6.59,14.8396,TSE,2023/11/30
2023/10,57.1,58,49.14,49.26,14,726,-10.7667,39.0951,"34,966","1,722",49.25,49.33,-11.3917,,,21,,,,,,,3.55,-7.24,15.6814,TSE,2023/10/31
2023/09,59.05,59.3,52.75,56.5,11,631,-4.5608,38.1423,"29,466","1,665",56.45,56.5,-4.6681,,,15,,,,,,,1.94,-2.7,11.0642,TSE,2023/09/28
2023/08,58.7,61.35,55.5,59.2,27,"1,562",1.1967,101.2507,"26,466","1,567",59.2,59.25,1.1897,,,22,,,,,,,1.85,0.7,10,TSE,2023/08/31
2023/07,50.4,62.8,50.4,58.5,29,"1,656",18.1817,101.1277,"28,466","1,665",58.5,58.6,16.7055,,,22,,,,,,,1.88,9,25.0505,TSE,2023/07/31
2023/06,43.56,49.75,43.21,49.5,12,557,13.5842,34.9025,"33,966","1,681",49.49,49.5,12.7373,,,12,,,,,,,2.22,5.92,15.0069,TSE,2023/06/30
2023/05,36.62,44.51,36.62,43.58,11,453,19.006,41.7674,"26,966","1,175",43.57,43.58,17.4006,,,9,,,,,,,2.52,6.96,21.5456,TSE,2023/05/31
2023/04,36.58,38.02,35.4,36.62,4,132,0.3947,11.7705,"30,466","1,116",36.62,36.64,0.3937,,,5,,,,,,,3,0.03,7.1604,TSE,2023/04/28
2023/03,36.07,36.73,34.4,36.59,6,199,1.4417,17.1626,"32,466","1,188",36.55,36.6,1.4312,,,5,,,,,,,5.63,0.52,6.4597,TSE,2023/03/31
2023/02,35.29,36.5,34.9,36.07,4,155,2.4424,12.7981,"33,966","1,225",36.07,36.1,2.4129,,,4,,,,,,,5.71,0.86,4.5442,TSE,2023/02/24
2023/01,34.45,35.55,33.95,35.21,4,125,2.8932,10.5694,"33,966","1,196",35.15,35.21,2.8519,,,3,,,,,,,5.85,0.99,4.6756,TSE,2023/01/31
2022/12,35.85,36.86,33.36,34.22,7,234,-3.5512,19.6289,"33,466","1,145",34.2,34.23,-3.6157,,,6,,,,,,,6.02,-1.26,9.8647,TSE,2022/12/30
2022/11,29.85,35.56,29.85,35.48,9,294,18.9406,26.0496,"33,966","1,205",35.48,35.49,17.3453,,,6,,,,,,,5.8,5.65,19.1418,TSE,2022/11/30
2022/10,32.24,33.9,27.72,29.83,6,194,-5.5684,18.5656,"33,966","1,013",29.83,29.85,-5.7294,,,6,,,,,,,6.9,-2.8,18.9396,TSE,2022/10/31
2022/09,35.2,35.61,31.51,32.63,8,276,-8.4712,24.0304,"33,466","1,092",32.62,32.63,-8.8518,,,6,,,,,,,6.59,-3.02,11.5007,TSE,2022/09/30
2022/08,33.45,36.18,32.45,35.65,7,235,6.5769,19.917,"33,966","1,211",35.58,35.64,6.37,,,6,,,,,,,6.03,2.2,11.151,TSE,2022/08/31
2022/07,33.36,33.77,30.84,33.45,6,182,0.2998,16.5518,"33,966","1,136",33.45,33.49,0.2997,,,5,,,,,,,6.42,0.1,8.7856,TSE,2022/07/29
2022/06,36.41,36.5,33.3,33.35,5,168,-8.3288,14.3399,"33,466","1,116",33.34,33.38,-8.6964,,,5,,,,,,,6.44,-3.03,8.796,TSE,2022/06/30
2022/05,36.15,37.04,33.8,36.38,5,173,0.636,14.6507,"33,466","1,217",36.36,36.38,0.6342,,,9,,,,,,,5.91,0.23,8.9627,TSE,2022/05/31
2022/04,40.27,40.27,35.14,36.15,7,278,-9.6671,22.0134,"33,466","1,210",36.15,36.16,-10.1667,,,12,,,,,,,5.94,-4.12,12.739,TSE,2022/04/29
2022/03,39.95,41.14,37.5,40.27,11,434,2.0527,33.8169,"32,466","1,307",40.27,40.3,2.0317,,,8,,,,,,,5.19,0.81,9.2245,TSE,2022/03/31
2022/02,39.18,41.17,38.93,39.46,8,311,1.6227,24.3352,"31,966","1,261",39.45,39.53,1.6095,,,6,,,,,,,5.3,0.63,5.7687,TSE,2022/02/25
2022/01,42.36,42.5,38.67,38.83,10,423,-7.964,34.2611,"30,466","1,183",38.82,38.83,-8.2992,,,9,,,,,,,5.38,-3.36,9.078,TSE,2022/01/26
2021/12,40.95,42.22,39.95,42.19,8,348,2.9778,31.3246,"26,966","1,138",42.17,42.19,2.9343,,,6,,,,,,,4.95,1.22,5.5406,TSE,2021/12/30
2021/11,41.28,43.24,39.74,40.97,14,607,-0.389,51.7629,"27,966","1,146",41.01,41.08,-0.3898,,,10,,,,,,,5.1,-0.16,8.5096,TSE,2021/11/30
2021/10,41.05,41.35,37.7,41.13,19,741,4.635,64.2477,"28,966","1,191",41.12,41.13,4.5308,,,12,,,,,,,5.08,-0.29,8.8122,TSE,2021/10/29
2021/09,44.6,45,40.4,41.42,12,530,-7.0883,50.7807,"24,466","1,013",41.42,41.44,-7.3523,,,8,,,,,,,0.86,-3.16,10.3185,TSE,2021/09/30
2021/08,45.8,46.67,39.58,44.58,25,"1,075",-2.6638,100.6294,"24,466","1,091",44.58,44.59,-2.7001,,,17,,,,,,,0.8,-1.22,15.4803,TSE,2021/08/31
2021/07,48,51.95,43.99,45.8,25,"1,221",-3.7411,149.3458,"16,966",777,45.7,45.8,-3.8126,,,18,,,,,,,0.78,-1.78,16.7297,TSE,2021/07/30
2021/06,43,47.76,41.72,47.58,14,637,11.5856,102.2698,"13,966",665,47.57,47.58,10.962,,,9,,,,,,,0.75,4.94,14.1651,TSE,2021/06/30
2021/05,44.16,44.32,34.87,42.64,17,672,-3.2449,124.068,"13,466",574,42.62,42.75,-3.2985,,,9,,,,,,,0.84,-1.43,21.4432,TSE,2021/05/31
2021/04,35,44.15,34.7,44.07,17,685,27.0761,189.6386,"8,966",395,44.04,44.07,23.9617,,,8,,,,,,,0.81,9.39,27.2491,TSE,2021/04/29
2021/03,30.42,35.2,28.75,34.68,7,208,16.5321,132.3198,"4,966",172,34.64,34.7,15.2998,,,2,,,,,,,1.03,4.92,21.6734,TSE,2021/03/31
2021/02,25.15,30.2,25,29.76,3,91,18.66,73.6453,"4,466",133,29.77,29.91,17.1094,,,1,,,,,,,1.2,4.68,20.7337,TSE,2021/02/26
2021/01,27.45,27.66,25.08,25.08,5,122,-8.2663,101.9928,"4,466",112,25.08,25.18,-8.628,,,1,,,,,,,1.43,-2.26,9.4367,TSE,2021/01/29
2020/12,25.76,27.56,25.5,27.34,5,135,6.1335,114.5096,"4,466",122,27.21,27.34,5.9531,,,1,,,,,,,1.31,1.58,7.9969,TSE,2020/12/31
2020/11,23.68,25.81,23.43,25.76,5,117,8.4176,107.0533,"4,466",115,25.68,25.76,8.0819,,,1,,,,,,,1.39,2,10.0168,TSE,2020/11/30
2020/10,23.78,24.48,23.5,23.76,4,105,2.1929,98.1191,"4,466",106,23.68,23.76,2.1692,,,0,,,,,,,1.51,0.16,4.1525,TSE,2020/10/30
2020/09,24.9,25.37,22.81,23.6,5,118,-5.5246,108.9566,"4,466",105,23.55,23.6,-5.6829,,,0,,,,,,,3.36,-1.38,10.2482,TSE,2020/09/30
2020/08,25.3,26.4,24.09,24.98,5,125,-0.9516,109.8746,"4,466",112,24.85,24.98,-0.956,,,1,,,,,,,3.18,-0.24,9.1594,TSE,2020/08/31
2020/07,23,25.3,22.98,25.22,6,153,10.2274,140.73,"4,466",113,25.04,25.22,9.7373,,,1,,,,,,,3.15,2.34,10.1399,TSE,2020/07/31
2020/06,21.2,23.01,20.87,22.88,5,109,8.9004,100.2014,"4,966",114,22.85,22.88,8.5264,,,1,,,,,,,3.47,1.87,10.1856,TSE,2020/06/30
2020/05,19.41,21.17,19.18,21.01,5,98,6.7038,89.0048,"5,466",115,21.01,21.04,6.489,,,0,,,,,,,3.78,1.32,10.1067,TSE,2020/05/29
2020/04,16.5,19.75,16.5,19.69,5,82,18.973,82.2356,"5,466",108,19.62,19.68,17.3727,,,0,,,,,,,4.03,3.14,19.6375,TSE,2020/04/30
2020/03,19.48,20.38,14.19,16.55,5,93,-17.0011,89.8927,"5,966",99,16.55,16.73,-18.6343,,,1,,,,,,,4.79,-3.39,31.0431,TSE,2020/03/31
2020/02,20,21.25,19.66,19.94,5,96,-2.8265,84.4676,"5,466",109,19.94,19.96,-2.8671,,,0,,,,,,,3.98,-0.58,7.7485,TSE,2020/02/27
2020/01,21,21.79,20.22,20.52,4,84,-2.0523,73.0699,"5,466",112,20.51,20.53,-2.0738,,,1,,,,,,,3.87,-0.43,7.494,TSE,2020/01/31
2019/12,19.04,20.95,19,20.95,6,112,9.1714,93.4462,"5,966",125,20.95,20.96,8.7749,,,1,,,,,,,3.79,1.76,10.1615,TSE,2019/12/31
2019/11,19.26,19.44,18.72,19.19,5,88,-0.5183,71.4352,"6,466",124,19.08,19.2,-0.5198,,,0,,,,,,,4.13,-0.1,3.7325,TSE,2019/11/29
2019/10,19.04,19.88,19.01,19.29,5,91,5.2074,72.2085,"6,466",125,19.27,19.3,5.0762,,,0,,,,,,,4.11,0.42,4.6105,TSE,2019/10/31
2019/09,18.55,19.52,18.54,18.87,5,90,1.9449,67.4131,"6,966",131,18.86,18.9,1.9262,,,0,,,,,,,2.12,0.36,5.2944,TSE,2019/09/27
2019/08,17.96,18.54,16.9,18.51,5,89,2.7192,65.9389,"7,466",138,18.41,18.51,2.683,,,0,,,,,,,2.16,0.49,9.101,TSE,2019/08/30
2019/07,17.57,18.27,17.51,18.02,6,99,4.1617,74.0155,"7,466",135,17.93,18.02,4.0775,,,0,,,,,,,2.22,0.72,4.3931,TSE,2019/07/31
2019/06,16.21,17.44,16.05,17.3,4,72,6.2001,57.5275,"7,466",129,17.25,17.3,6.0155,,,0,,,,,,,2.31,1.01,8.5328,TSE,2019/06/28
2019/05,17.39,17.57,15.95,16.29,5,87,-5.485,69.917,"7,466",122,16.25,16.3,-5.6414,,,0,,,,,,,2.46,-1.34,9.1889,TSE,2019/05/31
2019/04,17.64,18.03,17.39,17.63,5,82,0.743,61.7466,"7,466",132,17.57,17.64,0.7405,,,0,,,,,,,2.27,0.13,3.6571,TSE,2019/04/30
2019/03,16.6,17.77,16.5,17.5,5,81,5.3582,59.0635,"7,966",139,17.35,17.55,5.2196,,,0,,,,,,,,0.89,7.646,TSE,2019/03/29
2019/02,15.75,16.73,15.74,16.61,3,49,6.4742,37.522,"7,966",132,16.6,16.62,6.2735,,,0,,,,,,,,1.01,6.3462,TSE,2019/02/27
2019/01,15.04,15.76,14.94,15.6,5,76,3.1065,61.5365,"7,966",124,15.58,15.66,3.059,,,0,,,,,,,,0.47,5.4197,TSE,2019/01/30
2018/12,15.74,15.91,15,15.13,4,66,-2.6384,50.9331,"8,466",128,15.07,15.14,-2.6738,,,0,,,,,,,,-0.41,5.8559,TSE,2018/12/28
2018/11,14.72,15.62,14.72,15.54,5,74,6.0752,57.3116,"8,466",132,15.49,15.55,5.8978,,,0,,,,,,,,0.89,6.1433,TSE,2018/11/30
2018/10,18.08,18.15,14.32,14.65,7,108,-18.9715,80.9001,"8,466",124,14.65,14.69,-21.0365,,,1,,,,,,,,-3.43,21.1836,TSE,2018/10/31
2018/09,19.07,19.08,17.46,18.08,7,133,-4.9421,81.8314,"8,966",162,18.07,18.08,-5.0683,,,1,,,,,,,,-0.94,8.5174,TSE,2018/09/28
2018/08,19.71,19.96,18.84,19.02,7,132,-3.5009,65.0774,"10,466",199,19.04,19.07,-3.5634,,,1,,,,,,,,-0.69,5.6824,TSE,2018/08/31
2018/07,20.16,20.66,19.28,19.71,8,168,-1.7939,64.6923,"12,966",256,19.71,19.75,-1.81,,,1,,,,,,,,-0.36,6.8759,TSE,2018/07/31
2018/06,20.7,21.05,19.48,20.07,15,299,-2.1453,104.4823,"13,966",280,20,20.08,-2.1689,,,2,,,,,,,,-0.44,7.6548,TSE,2018/06/29
2018/05,19.96,21.01,19.7,20.51,41,831,2.55,109.3845,"37,466",768,20.51,20.55,2.5179,,,5,,,,,,,,,,TSE,2018/05/31