﻿00850 元大臺灣ESG永續--201502-202502,,,,,,,,,,,,,,,,,,,,,,,,,,,
,,,,,,,,,,,,,,,,,,,,,,,,,,,
年月,開盤價(元),最高價(元),最低價(元),收盤價(元),成交量(百萬股)_月,成交值(百萬元)_月,報酬率％_月,週轉率％_月,流通在外股數(千股),市值(百萬元),最後揭示買價,最後揭示賣價,報酬率-Ln_月,市值比重％,成交值比重％,成交筆數(千筆),本益比-TSE,本益比-TEJ,股價淨值比-TSE,股價淨值比-TEJ,股價營收比-TEJ,股利殖利率-TSE,現金股利率,股價漲跌(元),高低價差%,市場別,該月結束日
2025/02,45.17,46.75,44.54,45.21,32,"1,467",-1.6794,7.2212,"444,444","20,093",45.2,45.21,-1.6937,,,39,,,,,,,5.46,-1.43,4.7384,TSE,2025/02/27
2025/01,45.61,47.19,44.75,46.64,27,"1,254",2.0344,6.3092,"433,444","20,216",46.64,46.65,2.0141,,,28,,,,,,,5.3,0.93,5.338,TSE,2025/01/22
2024/12,44.39,46.15,44.39,45.71,19,872,3.4161,4.4672,"427,944","19,561",45.71,45.72,3.359,,,27,,,,,,,4.95,1.51,3.9819,TSE,2024/12/31
2024/11,44.81,47.48,43.58,44.2,35,"1,582",-2.3706,8.1099,"427,944","18,915",44.18,44.2,-2.3991,,,41,,,,,,,5.12,-1.73,8.4912,TSE,2024/11/29
2024/10,44.56,47.36,44.28,45.93,24,"1,119",3.4225,5.7943,"418,944","19,242",45.92,45.93,3.3655,,,27,,,,,,,4.5,1.52,6.9354,TSE,2024/10/30
2024/09,44.22,45.9,41.5,44.41,26,"1,136",0.5435,6.2156,"418,944","18,605",44.4,44.41,0.5418,,,31,,,,,,,4.65,0.24,9.9615,TSE,2024/09/30
2024/08,45.5,45.57,39.65,44.17,37,"1,570",0.173,8.8631,"414,944","18,328",44.16,44.18,0.1729,,,41,,,,,,,4.68,-0.54,13.2409,TSE,2024/08/30
2024/07,46.02,49.01,43.88,44.71,38,"1,784",-2.8254,9.3996,"407,944","18,239",44.7,44.71,-2.8661,,,44,,,,,,,4.62,-1.3,11.1498,TSE,2024/07/31
2024/06,41.87,46.7,41.61,46.01,26,"1,169",10.3358,6.6012,"398,444","18,332",46,46.01,9.8358,,,30,,,,,,,4.12,4.31,12.2062,TSE,2024/06/28
2024/05,39.75,43.3,39.65,41.7,27,"1,112",5.1233,6.6868,"398,444","16,615",41.7,41.72,4.9964,,,32,,,,,,,4.55,1.52,9.0841,TSE,2024/05/31
2024/04,40.2,41.2,37.86,40.18,32,"1,274",0.2746,8.0482,"398,944","16,030",40.17,40.18,0.2742,,,34,,,,,,,4.5,0.11,8.3354,TSE,2024/04/30
2024/03,36.76,40.24,36.68,40.07,43,"1,665",8.9452,10.675,"401,444","16,086",40.07,40.08,8.5675,,,36,,,,,,,4.52,3.29,9.6792,TSE,2024/03/29
2024/02,35.27,37.25,35.11,36.78,30,"1,095",5.5053,7.1544,"418,444","15,390",36.75,36.78,5.3593,,,25,,,,,,,4.92,1.51,6.0675,TSE,2024/02/29
2024/01,35.24,35.69,33.76,35.27,49,"1,716",0.3128,11.7932,"418,444","14,759",35.27,35.28,0.3125,,,34,,,,,,,3.91,0.11,5.4892,TSE,2024/01/31
2023/12,33.95,35.25,33.7,35.16,46,"1,591",3.2601,11.1807,"413,944","14,554",35.16,35.17,3.2078,,,30,,,,,,,3.92,1.11,4.5521,TSE,2023/12/29
2023/11,32.3,34.55,32.11,34.05,61,"2,054",8.177,14.6425,"414,944","14,129",34.05,34.06,7.8599,,,35,,,,,,,4.05,1.92,7.5941,TSE,2023/11/30
2023/10,32.96,33.81,32.11,32.13,39,"1,289",-2.0128,9.7196,"402,444","12,931",32.12,32.13,-2.0332,,,30,,,,,,,2.12,-0.66,5.1845,TSE,2023/10/31
2023/09,33.44,33.88,32.53,32.79,38,"1,245",-1.9732,9.7412,"384,944","12,622",32.78,32.79,-1.9927,,,31,,,,,,,2.07,-0.66,4.0359,TSE,2023/09/28
2023/08,35.07,35.35,32.86,33.45,62,"2,107",-2.6664,16.5497,"374,944","12,542",33.44,33.45,-2.7026,,,46,,,,,,,2.03,-1.62,7.1001,TSE,2023/08/31
2023/07,34.04,35.78,33.4,35.07,38,"1,325",3.7269,11.1496,"342,944","12,027",35.06,35.07,3.6591,,,25,,,,,,,4.22,1.26,7.0393,TSE,2023/07/31
2023/06,32.74,34.43,32.51,33.81,30,"1,005",3.205,7.7784,"382,944","12,947",33.8,33.81,3.1548,,,21,,,,,,,4.38,1.05,5.8608,TSE,2023/06/30
2023/05,30.71,32.99,30.58,32.76,18,584,6.6404,4.808,"383,444","12,562",32.75,32.76,6.4293,,,17,,,,,,,4.52,2.04,7.8451,TSE,2023/05/31
2023/04,31.46,31.51,30.26,30.72,9,285,-2.3523,2.3889,"383,944","11,795",30.72,30.74,-2.3802,,,11,,,,,,,4.82,-0.74,3.9733,TSE,2023/04/28
2023/03,30.53,31.65,30.21,31.46,15,478,2.5424,4.0261,"383,944","12,079",31.45,31.46,2.5105,,,14,,,,,,,4.7,0.78,4.6936,TSE,2023/03/31
2023/02,30.5,31.15,30.28,30.68,10,318,1.0207,2.7246,"379,944","11,657",30.66,30.68,1.0157,,,12,,,,,,,4.82,0.31,2.8647,TSE,2023/02/24
2023/01,28.01,30.81,27.8,30.37,9,253,7.7716,2.2638,"379,444","11,524",30.36,30.37,7.4842,,,9,,,,,,,4.87,2.19,10.6813,TSE,2023/01/31
2022/12,29.94,30.12,27.84,28.18,23,658,-4.4745,6.7142,"339,444","9,566",28.17,28.18,-4.5778,,,15,,,,,,,5.25,-1.32,7.7288,TSE,2022/12/30
2022/11,27.03,30.56,26.74,29.5,44,"1,256",14.7036,12.8568,"338,444","9,984",29.5,29.52,13.7188,,,21,,,,,,,5.02,2.47,14.1324,TSE,2022/11/30
2022/10,27.67,29,26.43,27.03,19,507,-3.1879,5.468,"339,944","9,189",27.02,27.03,-3.2396,,,16,,,,,,,3.88,-0.89,9.2049,TSE,2022/10/31
2022/09,30.73,31.09,27.8,27.92,14,426,-10.9412,4.312,"335,944","9,380",27.9,27.92,-11.5871,,,18,,,,,,,3.76,-3.43,10.4944,TSE,2022/09/30
2022/08,31.02,32.29,30.36,31.35,13,405,1.0639,3.9085,"329,944","10,344",31.31,31.35,1.0583,,,13,,,,,,,3.35,0.33,6.2218,TSE,2022/08/31
2022/07,30.06,31.23,28.44,31.02,16,483,3.1249,4.9871,"327,444","10,157",31.02,31.03,3.0771,,,15,,,,,,,3.38,0.94,9.2753,TSE,2022/07/29
2022/06,33.3,33.49,30.04,30.08,17,523,-9.913,5.06,"326,444","9,819",30.07,30.08,-10.4396,,,16,,,,,,,3.49,-3.31,10.3324,TSE,2022/06/30
2022/05,33.44,33.75,31.45,33.39,21,684,-0.1493,6.5865,"320,944","10,716",33.37,33.39,-0.1496,,,20,,,,,,,3.14,-0.05,6.878,TSE,2022/05/31
2022/04,35.04,35.2,32.74,33.44,20,672,-5.4298,5.8841,"336,944","11,267",33.44,33.46,-5.5826,,,23,,,,,,,3.14,-1.92,6.957,TSE,2022/04/29
2022/03,35.31,35.85,33.54,35.36,27,943,0.3122,8.2673,"329,444","11,649",35.35,35.36,0.3115,,,23,,,,,,,2.97,0.11,6.5532,TSE,2022/03/31
2022/02,35.65,36.63,35.07,35.25,16,588,-0.6761,5.1064,"320,444","11,296",35.24,35.25,-0.6786,,,15,,,,,,,2.98,-0.24,4.3956,TSE,2022/02/25
2022/01,36.09,36.99,35.3,35.49,27,977,-1.1695,8.5053,"317,944","11,284",35.48,35.49,-1.1768,,,21,,,,,,,2.96,-0.42,4.7062,TSE,2022/01/26
2021/12,34.2,36.06,34.19,35.91,20,703,4.9387,6.6533,"299,444","10,753",35.9,35.91,4.8205,,,15,,,,,,,2.92,1.69,5.4646,TSE,2021/12/30
2021/11,34.55,36.32,34,34.22,30,"1,068",2.4365,10.1298,"299,444","10,247",34.2,34.22,2.4073,,,24,,,,,,,3.07,-0.18,6.7442,TSE,2021/11/30
2021/10,34.43,34.79,33.28,34.4,23,791,-0.4628,7.8685,"295,444","10,163",34.4,34.43,-0.4638,,,20,,,,,,,2.62,-0.16,4.3692,TSE,2021/10/29
2021/09,35.42,35.8,34.2,34.56,22,769,-2.6479,7.7255,"283,944","9,813",34.55,34.56,-2.6837,,,17,,,,,,,2.6,-0.94,4.507,TSE,2021/09/30
2021/08,34.73,35.5,33.08,35.5,32,"1,093",2.8688,11.1431,"284,444","10,098",35.43,35.5,2.8286,,,21,,,,,,,2.54,0.99,7.0125,TSE,2021/08/31
2021/07,34.89,35.57,33.82,34.51,29,"1,000",-0.9757,10.1634,"282,444","9,747",34.51,34.52,-0.9802,,,21,,,,,,,2.61,-0.34,5.0215,TSE,2021/07/30
2021/06,34.15,34.97,33.44,34.85,27,933,2.3193,9.8577,"276,444","9,634",34.84,34.88,2.2928,,,19,,,,,,,2.58,0.79,4.4921,TSE,2021/06/30
2021/05,35.02,35.02,30.21,34.06,68,"2,241",-2.8246,24.8596,"274,944","9,365",34.06,34.07,-2.8653,,,41,,,,,,,2.64,-0.99,13.7233,TSE,2021/05/31
2021/04,33.32,35.28,33.18,35.05,34,"1,144",5.7317,12.3926,"270,444","9,479",35.05,35.06,5.5732,,,23,,,,,,,2.57,1.9,6.3348,TSE,2021/04/29
2021/03,32.72,33.37,31.48,33.15,52,"1,686",2.22,18.7275,"276,444","9,164",33.15,33.16,2.196,,,33,,,,,,,2.71,0.72,5.8279,TSE,2021/03/31
2021/02,30.75,33.45,30.63,32.43,41,"1,325",5.2922,15.1026,"270,444","8,770",32.42,32.43,5.1569,,,25,,,,,,,2.78,1.63,9.1558,TSE,2021/02/26
2021/01,29.21,32.85,29.2,30.8,73,"2,283",5.4436,27.1672,"267,944","8,253",30.8,30.81,5.3006,,,43,,,,,,,2.92,1.59,12.4957,TSE,2021/01/29
2020/12,27.49,29.24,27.36,29.21,53,"1,506",6.7226,19.9263,"266,944","7,797",29.2,29.21,6.5064,,,29,,,,,,,3.08,1.84,6.8688,TSE,2020/12/31
2020/11,25.6,28.45,25.44,27.37,70,"1,901",10.4257,26.0279,"267,444","7,320",27.36,27.37,9.9174,,,36,,,,,,,3.29,1.77,11.7578,TSE,2020/11/30
2020/10,25.64,26.58,25.5,25.6,33,849,0.3135,12.2003,"266,444","6,821",25.59,25.6,0.3127,,,17,,,,,,,,0.08,4.232,TSE,2020/10/30
2020/09,25.5,26.4,24.8,25.52,52,"1,318",0.1965,18.6338,"276,444","7,055",25.51,25.52,0.196,,,24,,,,,,,,0.05,6.2819,TSE,2020/09/30
2020/08,25.83,26.39,24.74,25.47,67,"1,736",-1.4699,23.947,"280,444","7,143",25.46,25.47,-1.4809,,,33,,,,,,,,-0.38,6.383,TSE,2020/08/31
2020/07,22.61,26.74,22.61,25.85,110,"2,674",14.5327,39.0149,"280,944","7,262",25.85,25.86,13.569,,,46,,,,,,,,3.28,18.2986,TSE,2020/07/31
2020/06,21.26,22.73,21.25,22.57,67,"1,494",6.3116,20.2441,"331,944","7,492",22.57,22.58,6.1207,,,28,,,,,,,,1.34,6.9713,TSE,2020/06/30
2020/05,20.76,21.39,20.66,21.23,43,915,-0.6551,12.3322,"352,444","7,482",21.23,21.24,-0.6573,,,19,,,,,,,,-0.14,3.416,TSE,2020/05/29
2020/04,19.17,21.4,19.01,21.37,57,"1,154",11.476,16.1325,"352,444","7,532",21.37,21.38,10.8639,,,23,,,,,,,,2.2,12.4674,TSE,2020/04/30
2020/03,21.95,22.46,16.97,19.17,131,"2,615",-13.4146,37.5977,"348,444","6,680",19.16,19.17,-14.4038,,,64,,,,,,,,-2.97,24.7967,TSE,2020/03/31
2020/02,22.14,23.18,21.75,22.14,88,"1,999",-1.6438,28.8697,"305,944","6,774",22.14,22.15,-1.6572,,,41,,,,,,,,-0.37,6.3527,TSE,2020/02/27
2020/01,23.55,23.79,22.33,22.51,70,"1,620",-4.3349,25.8512,"270,444","6,088",22.5,22.51,-4.4318,,,34,,,,,,,,-1.02,6.2048,TSE,2020/01/31
2019/12,22.43,23.8,22.34,23.53,71,"1,644",4.9977,28.1652,"250,944","5,905",23.52,23.53,4.877,,,30,,,,,,,,1.12,6.5149,TSE,2019/12/31
2019/11,22.05,22.9,21.98,22.41,86,"1,945",1.6792,35.9321,"239,944","5,377",22.41,22.42,1.665,,,36,,,,,,,,0.37,4.1742,TSE,2019/11/29
2019/10,20.81,22.11,20.76,22.04,76,"1,634",6.1147,33.5278,"227,444","5,013",22.03,22.04,5.935,,,28,,,,,,,,1.27,6.4998,TSE,2019/10/31
2019/09,20.26,21.75,20.14,20.77,141,"2,930",2.6692,61.3609,"229,444","4,766",20.76,20.77,2.6344,,,54,,,,,,,,0.54,7.9585,TSE,2019/09/27
2019/08,20,21,19.84,20.23,62,"1,247",0.747,53.0806,"117,444","2,376",20.22,20.23,0.7442,,,24,,,,,,,,,,TSE,2019/08/30